Condicionamento da matriz: 5.828427

Matriz inversa:
-0.299107 -0.098214 -0.031250 -0.098214 -0.062500 -0.026786 -0.031250 -0.026786 -0.013393
-0.098214 -0.330357 -0.098214 -0.062500 -0.125000 -0.062500 -0.026786 -0.044643 -0.026786
-0.031250 -0.098214 -0.299107 -0.026786 -0.062500 -0.098214 -0.013393 -0.026786 -0.031250
-0.098214 -0.062500 -0.026786 -0.330357 -0.125000 -0.044643 -0.098214 -0.062500 -0.026786
-0.062500 -0.125000 -0.062500 -0.125000 -0.375000 -0.125000 -0.062500 -0.125000 -0.062500
-0.026786 -0.062500 -0.098214 -0.044643 -0.125000 -0.330357 -0.026786 -0.062500 -0.098214
-0.031250 -0.026786 -0.013393 -0.098214 -0.062500 -0.026786 -0.299107 -0.098214 -0.031250
-0.026786 -0.044643 -0.026786 -0.062500 -0.125000 -0.062500 -0.098214 -0.330357 -0.098214
-0.013393 -0.026786 -0.031250 -0.026786 -0.062500 -0.098214 -0.031250 -0.098214 -0.299107
